conv stamp: 303^2 oversampled px (91809 deposits per wavelength)
r_eff_arcsec  wl_um  px@0.9  px@0.99  px@0.999  px@0.9999  px@0.99999
        0.10  1.00     1848    15050    30518    37033    91810
        0.10  1.46     2711    18763    31414    38024    91810
        0.10  1.90     3414    22284    32870    39339    91810
        0.25  1.00     3867    17332    34675    91810    91810
        0.25  1.46     4831    21188    36601    91810    91810
        0.25  1.90     5609    24704    39414    91810    91810
        0.50  1.00     7036    20217    41460    91810    91810
        0.50  1.46     7942    24173    44485    91810    91810
        0.50  1.90     8645    27719    48645    91810    91810
        1.00  1.00     9919    23281    47591    91810    91810
        1.00  1.46    10604    27577    51312    91810    91810
        1.00  1.90    11181    31380    56066    91810    91810

[exited with code 0]
